0.4987999999999997
0.4993999999999997
0.5009999999999997
0.5009999999999997
0.5007999999999997
0.5007999999999997
0.4999999999999997
0.4999999999999997
0.4999999999999997
0.4979999999999998
0.49779999999999974
0.49779999999999974
0.49779999999999974
0.49779999999999974
0.4979999999999998
0.4993999999999998
0.4995999999999999
0.49979999999999986
0.49979999999999986
0.49979999999999986
0.49979999999999986
0.49979999999999986
0.49979999999999986
0.49979999999999986
0.49979999999999986
0.49979999999999986
0.49979999999999986
0.5003999999999998
0.5003999999999998
0.5003999999999998
0.5003999999999998
0.5003999999999998
0.5003999999999998
0.5003999999999998
0.5003999999999998
0.5003999999999998
0.4991999999999998
0.4975999999999998
0.49899999999999983
0.49899999999999983
0.49899999999999983
0.49899999999999983
0.49899999999999983
0.49999999999999983
0.49999999999999983
0.4995999999999999
0.4995999999999999
0.4995999999999999
0.4995999999999999
0.4995999999999999
0.4995999999999999
0.4995999999999999
0.4995999999999999
0.4995999999999999
0.4995999999999999
0.4995999999999999
0.4995999999999999
0.4995999999999999
0.4995999999999999
0.4995999999999999
0.4995999999999999
0.4995999999999999
0.4995999999999999
0.4997999999999998
0.4997999999999998
0.4997999999999998
0.4997999999999998
0.4997999999999998
0.4997999999999998
0.4997999999999998
0.4999999999999998
0.4999999999999998
0.4999999999999998
0.4999999999999998
0.4999999999999998
0.5013999999999997
0.5013999999999997
0.5027999999999998
0.5027999999999998
0.5027999999999998
0.5021999999999999
0.5019999999999998
0.5027999999999998
0.5023999999999998
0.5023999999999998
0.5023999999999998
0.5023999999999998
0.5033999999999998
0.5045999999999998
0.5045999999999998
0.5045999999999998
0.5045999999999998
0.5059999999999999
0.5059999999999999
0.5057999999999999
0.5057999999999999
0.5057999999999999
0.5057999999999999
0.5059999999999999
0.5065999999999999
0.5065999999999999
0.5065999999999999
0.5065999999999999
0.5065999999999999
0.5065999999999999
0.5069999999999999
0.5069999999999999
0.5067999999999999
0.5067999999999999
0.5067999999999999
0.5067999999999999
0.5067999999999999
0.5067999999999999
0.5067999999999999
0.5067999999999999
0.5067999999999999
0.5067999999999999
0.5067999999999999
0.5067999999999999
0.5067999999999999
0.5067999999999999
0.5067999999999999
0.5082
0.5082
0.5085999999999999
0.5085999999999999
0.5085999999999999
0.5099999999999999
0.5119999999999999
0.5121999999999999
0.5121999999999999
0.5114
0.5119999999999999
0.5119999999999999
0.5119999999999999
0.5119999999999999
0.5119999999999999
0.5119999999999999
0.5119999999999999
0.5119999999999999
0.5119999999999999
0.5119999999999999
0.5123999999999999
0.5137999999999999
0.5137999999999999
0.5137999999999999
0.5137999999999999
0.5137999999999999
0.5137999999999999
0.5137999999999999
0.5137999999999999
0.5137999999999999
0.5142
0.5142
0.5142
0.5127999999999999
0.5123999999999999
0.5123999999999999
0.5123999999999999
0.5123999999999999
0.5123999999999999
0.5123999999999999
0.5123999999999999
0.5123999999999999
0.5123999999999999
0.513
0.513
0.513
0.513
0.513
0.513
0.513
0.5127999999999999
0.5127999999999999
0.5136
0.5136
0.5136
0.5136
0.5136
0.5136
0.5121999999999999
0.5115999999999999
0.5115999999999999
0.5115999999999999
0.5115999999999999
0.5115999999999999
0.5115999999999999
0.5115999999999999
0.5115999999999999
0.5115999999999999
0.5115999999999999
0.5115999999999999
0.5113999999999999
0.5113999999999999
0.5113999999999999
0.5113999999999999
0.5113999999999999
0.5113999999999999
0.5113999999999999
0.5127999999999999
0.5126
0.5126
0.5126
0.5126
0.5126
0.5126
0.5126
0.5126
0.5126
0.5126
0.513
0.513
0.513
0.513
0.513
0.5117999999999999
0.5117999999999999
0.5117999999999999
0.5117999999999999
0.5117999999999999
0.5117999999999999
0.5117999999999999
0.5117999999999999
0.513
0.5136
0.5136
0.5136
0.5136
0.5136
0.5136
0.5136
0.5136
0.5136
0.5136
0.5136
0.5136
0.5144
0.5136
0.5136
0.5136
0.5136
0.5136
0.514
0.514
0.5154000000000001
0.5154000000000001
0.5154000000000001
0.515
0.515
0.515
0.5147999999999999
0.5147999999999999
0.5147999999999999
0.5147999999999999
0.5147999999999999
0.5147999999999999
0.5147999999999999
0.5147999999999999
0.5147999999999999
0.5147999999999999
0.5147999999999999
0.5147999999999999
0.5147999999999999
0.5147999999999999
0.5147999999999999
0.5147999999999999
0.5146000000000001
0.5152000000000002
0.5160000000000001
0.5154000000000001
0.5154000000000001
0.5154000000000001
0.5154000000000001
0.5154000000000001
0.5154000000000001
0.5166000000000002
0.5166000000000002
0.5166000000000002
0.5178000000000001
0.5178000000000001
0.5178000000000001
0.5178000000000001
0.5178000000000001
0.5178000000000001
0.5164000000000001
0.5164000000000001
0.5164000000000001
0.5164000000000001
0.5164000000000001
0.5166000000000002
0.5166000000000002
0.5166000000000002
0.5170000000000001
0.5170000000000001
0.5158
0.5158
0.5164000000000001
0.5164000000000001
0.5164000000000001
0.5164000000000001
0.5164000000000001
0.5164000000000001
0.5164000000000001
0.5164000000000001
0.5164000000000001
0.5164000000000001
0.5164000000000001
0.5164000000000001
0.5164000000000001
0.5164000000000001
0.5158
0.5158
0.5158
0.5158
0.5158
0.5147999999999999
0.5147999999999999
0.5147999999999999
0.5147999999999999
0.5147999999999999
0.5154000000000001
0.5154000000000001
0.5154000000000001
0.5156000000000001
0.5156000000000001
0.5156000000000001
0.5156000000000001
0.5156000000000001
0.5156000000000001
0.5156000000000001
0.5156000000000001
0.5156000000000001
0.5156000000000001
0.5156000000000001
0.5156000000000001
0.5156000000000001
0.5168
0.5168
0.5168
0.5168
0.5168
0.5168
0.5168
0.5168
0.5168
0.5168
0.5168
0.5168
0.5176000000000002
0.5176000000000002
0.5176000000000002
0.5176000000000002
0.5176000000000002
0.5188000000000001
0.5196000000000002
0.5196000000000002
0.5196000000000002
0.5208
0.5208
0.5208
0.5208
0.5208
0.5208
0.5208
0.5208
0.5208
0.5208
0.5208
0.5208
0.5208
0.5208
0.5208
0.5208
0.5206000000000002
0.5206000000000002
0.5220000000000002
0.5212000000000001
0.5214000000000001
0.5214000000000001
0.5214000000000001
0.5212
0.5212
0.5212
0.5212
0.5212
0.5212
0.5212
0.5212
0.5212
0.5212
0.5212
0.5212
0.5212
0.5212
0.5212
0.5212
0.5212
0.5212
0.5212
0.5224000000000002
0.5224000000000002
0.5224000000000002
0.5224000000000002
0.5218
0.5218
0.5218
0.5218
0.5216000000000002
0.5216000000000002
0.5216000000000002
0.5216000000000002
0.5216000000000002
0.5216000000000002
0.5216000000000002
0.5216000000000002
0.5216000000000002
0.5212
0.5212
0.5212
0.5212
0.5212
0.5212
0.5212
0.5212
0.5212
0.5212
0.5212
0.5212
0.5212
0.5212
0.5212
0.5212
0.5202
0.5202
0.5202
0.5206000000000001
0.5206000000000001
0.5206000000000001
0.5206000000000001
0.5194000000000001
0.5194000000000001
0.5206
0.5206
0.521
0.521
0.521
0.5204
0.5204
0.5209999999999999
0.5209999999999999
0.5209999999999999
0.5203999999999999
0.5203999999999999
0.5203999999999999
0.5193999999999999
0.5201999999999998
0.5201999999999998
0.5201999999999998
0.5201999999999998
0.5201999999999998
0.5201999999999998
0.5201999999999998
0.5201999999999998
0.5201999999999998
0.5219999999999999
0.5219999999999999
0.5219999999999999
0.5207999999999999
0.5207999999999999
0.5207999999999999
0.5219999999999999
0.5219999999999999
0.5226
0.5226
0.5226
0.5231999999999999
0.5236
0.5236
0.5236
0.5236
0.5236
0.5236
0.5236
0.5236
0.5236
0.5236
0.5236
0.5236
0.5236
0.5236
0.5236
0.5236
0.5236
0.5236
0.5236
0.5236
0.5246000000000001
0.5246000000000001
0.5258
0.5270000000000001
0.5270000000000001
0.5282
0.5286000000000001
0.5286000000000001
0.5286000000000001
0.5286000000000001
0.5286000000000001
0.5286000000000001
0.5286000000000001
0.5286000000000001
0.5286000000000001
0.5286000000000001
0.5286000000000001
0.5286000000000001
0.5286000000000001
0.5288
0.5288
0.5288
0.5288
0.5288
0.5288
0.5288
0.5288
0.5288
0.5288
0.5288
0.5294
0.5286000000000001
0.5286000000000001
0.5286000000000001
0.5286000000000001
0.5287999999999999
0.5287999999999999
0.5287999999999999
0.5301999999999999
0.5301999999999999
0.531
0.5318
0.5332
0.5320000000000001
0.5320000000000001
0.5320000000000001
0.5320000000000001
0.5320000000000001
0.5320000000000001
0.5320000000000001
0.5320000000000001
0.5320000000000001
0.5320000000000001
0.5320000000000001
0.5320000000000001
0.5320000000000001
0.5320000000000001
0.5320000000000001
0.5320000000000001
0.5320000000000001
0.5314000000000001
0.5326000000000001
0.5326000000000001
0.5338
0.5338
0.5352
0.5352
0.5352
0.5352
0.5352
0.5352
0.5352
0.5352
0.5352
0.5352
0.5352
0.5352
0.5352
0.5352
0.5352
0.5352
0.5354
0.5354
0.5346000000000001
0.5346000000000001
0.5346000000000001
0.5344000000000001
0.5344000000000001
0.5344000000000001
0.5346000000000002
0.5346000000000002
0.5346000000000002
0.5346000000000002
0.5346000000000002
0.5346000000000002
0.5346000000000002
0.5342
0.5342
0.5342
0.5342
0.5342
0.5352000000000001
0.5352000000000001
0.5344000000000001
0.5342000000000001
0.5346000000000002
0.5346000000000002
0.5346000000000002
0.5346000000000002
0.5346000000000002
0.5346000000000002
0.5336000000000002
0.5346000000000002
0.5346000000000002
0.5346000000000002
0.5338
0.5338
0.5338
0.5338
0.5338
0.5338
0.5338
0.5338
0.5338
0.5338
0.5338
0.5338
0.5338
0.5338
0.5338
0.5338
0.5338
0.5338
0.5334000000000002
0.5334000000000002
0.5336000000000002
0.5336000000000002
0.5336000000000002
0.5336000000000002
0.5346000000000002
0.5344000000000001
0.5350000000000001
0.5346000000000002
0.5346000000000002
0.5348000000000002
0.5348000000000002
0.5352000000000002
0.5352000000000002
0.5352000000000002
0.5352000000000002
0.5352000000000002
0.5362000000000002
0.5366000000000004
0.5366000000000004
0.5366000000000004
0.5366000000000004
0.5366000000000004
0.5354000000000004
0.5354000000000004
0.5346000000000004
0.5346000000000004
0.5356000000000003
0.5356000000000003
0.5356000000000003
0.5350000000000004
0.5346000000000004
0.5346000000000004
0.5346000000000004
0.5346000000000004
0.5346000000000004
0.5346000000000004
0.5346000000000004
0.5346000000000004
0.5348000000000004
0.5348000000000004
0.5348000000000004
0.5348000000000004
0.5360000000000004
0.5362000000000002
0.5362000000000002
0.5362000000000002
0.5374000000000003
0.5374000000000003
0.5374000000000003
0.5374000000000003
0.5382000000000002
0.5382000000000002
0.5382000000000002
0.5382000000000002
0.5382000000000002
0.5382000000000002
0.5380000000000003
0.5380000000000003
0.5380000000000003
0.5380000000000003
0.5380000000000003
0.5380000000000003
0.5380000000000003
0.5386000000000003
0.5386000000000003
0.5386000000000003
0.5384000000000002
0.5384000000000002
0.5384000000000002
0.5392000000000001
0.5392000000000001
0.5392000000000001
0.5392000000000001
0.5392000000000001
0.5394000000000002
0.5394000000000002
0.5394000000000002
0.5394000000000002
0.5394000000000002
0.5400000000000001
0.5402000000000002
0.5402000000000002
0.5402000000000002
0.5398000000000002
0.5398000000000002
0.5398000000000002
0.5398000000000002
0.5398000000000002
0.5404000000000002
0.5404000000000002
0.5406000000000002
0.5406000000000002
0.5406000000000002
0.5406000000000002
0.5406000000000002
0.5406000000000002
0.5408000000000002
0.5408000000000002
0.5408000000000002
0.5408000000000002
0.5408000000000002
0.5408000000000002
0.5408000000000002
0.5408000000000002
0.5408000000000002
0.5408000000000002
0.5408000000000002
0.5408000000000002
0.5408000000000002
0.5416000000000003
0.5416000000000003
0.5416000000000003
0.5416000000000003
0.5416000000000003
0.5416000000000003
0.5416000000000003
0.5410000000000003
0.5410000000000003
0.5410000000000003
0.5410000000000003
0.5410000000000003
0.5410000000000003
0.5420000000000003
0.5420000000000003
0.5420000000000003
0.5416000000000003
0.5416000000000003
0.5416000000000003
0.5416000000000003
0.5416000000000003
0.5424000000000003
0.5424000000000003
0.5442000000000002
0.5442000000000002
0.5458000000000002
0.5460000000000003
0.5460000000000003
0.5460000000000003
0.5460000000000003
0.5460000000000003
0.5460000000000003
0.5460000000000003
0.5460000000000003
0.5460000000000003
0.5460000000000003
0.5454000000000003
0.5454000000000003
0.5464000000000003
0.5464000000000003
0.5472000000000002
0.5464000000000002
0.5462000000000001
0.5462000000000001
0.5464000000000002
0.5464000000000002
0.5464000000000002
0.5464000000000002
0.5464000000000002
0.5460000000000002
0.5460000000000002
0.5460000000000002
0.5460000000000002
0.5460000000000002
0.5466000000000001
0.5466000000000001
0.5466000000000001
0.5466000000000001
0.5466000000000001
0.5464000000000002
0.5464000000000002
0.5464000000000002
0.5464000000000002
0.5480000000000003
0.5480000000000003
0.5480000000000003
0.5480000000000003
0.5480000000000003
0.5488000000000003
0.5488000000000003
0.5494000000000003
0.5494000000000003
0.5494000000000003
0.5494000000000003
0.5494000000000003
0.5494000000000003
0.5494000000000003
0.5494000000000003
0.5494000000000003
0.5494000000000003
0.5494000000000003
0.5494000000000003
0.5494000000000003
0.5494000000000003
0.5494000000000003
0.5494000000000003
0.5492000000000002
0.5500000000000003
0.5500000000000003
0.5500000000000003
0.5500000000000003
0.5508000000000002
0.5508000000000002
0.5508000000000002
0.5506000000000002
0.5506000000000002
0.5506000000000002
0.5506000000000002
0.5506000000000002
0.5506000000000002
0.5510000000000003
0.5504000000000002
0.5504000000000002
0.5504000000000002
0.5504000000000002
0.5504000000000002
0.5514000000000002
0.5518000000000003
0.5518000000000003
0.5526000000000002
0.5524000000000002
0.5524000000000002
0.5530000000000003
0.5538000000000003
0.5538000000000003
0.5538000000000003
0.5538000000000003
0.5540000000000004
0.5540000000000004
0.5540000000000004
0.5540000000000004
0.5540000000000004
0.5540000000000004
0.5540000000000004
0.5540000000000004
0.5540000000000004
0.5544000000000003
0.5544000000000003
0.5554000000000003
0.5554000000000003
0.5554000000000003
0.5554000000000003
0.5550000000000004
0.5550000000000004
0.5550000000000004
0.5550000000000004
0.5550000000000004
0.5550000000000004
0.5550000000000004
0.5552000000000004
0.5552000000000004
0.5552000000000004
0.5552000000000004
0.5558000000000004
0.5558000000000004
0.5558000000000004
0.5576000000000003
0.5576000000000003
0.5576000000000003
0.5578000000000003
0.5582000000000004
0.5592000000000004
0.5592000000000004
0.5592000000000004
0.5602000000000004
0.5602000000000004
0.5604000000000003
0.5604000000000003
0.5594000000000003
0.5594000000000003
0.5594000000000003
0.5594000000000003
0.5594000000000003
0.5586000000000003
0.5586000000000003
0.5586000000000003
0.5586000000000003
0.5584000000000003
0.5582000000000004
0.5582000000000004
0.5582000000000004
0.5582000000000004
0.5582000000000004
0.5582000000000004
0.5582000000000004
0.5586000000000003
0.5586000000000003
0.5586000000000003
0.5586000000000003
0.5586000000000003
0.5594000000000003
0.5594000000000003
0.5594000000000003
0.5594000000000003
0.5594000000000003
0.5594000000000003
0.5594000000000003
0.5594000000000003
0.5594000000000003
0.5594000000000003
0.5594000000000003
0.5594000000000003
0.5592000000000004
0.5592000000000004
0.5592000000000004
0.5592000000000004
0.5590000000000005
0.5590000000000005
0.5592000000000004
0.5592000000000004
0.5608000000000004
0.5608000000000004
0.5614000000000005
0.5618000000000005
0.5626000000000004
0.5626000000000004
0.5642000000000005
0.5642000000000005
0.5642000000000005
0.5638000000000005
0.5638000000000005
0.5638000000000005
0.5638000000000005
0.5638000000000005
0.5638000000000005
0.5638000000000005
0.5638000000000005
0.5638000000000005
0.5638000000000005
0.5656000000000005
0.5668000000000006
0.5654000000000006
0.5648000000000006
0.5648000000000006
0.5648000000000006
0.5642000000000005
0.5658000000000006
0.5668000000000006
0.5668000000000006
0.5670000000000007
0.5676000000000005
0.5676000000000005
0.5690000000000006
0.5690000000000006
0.5690000000000006
0.5690000000000006
0.5690000000000006
0.5690000000000006
0.5690000000000006
0.5690000000000006
0.5690000000000006
0.5690000000000006
0.5690000000000006
0.5690000000000006
0.5690000000000006
0.5694000000000006
0.5694000000000006
0.5690000000000006
0.5690000000000006
0.5684000000000006
0.5676000000000004
0.5676000000000004
0.5676000000000004
0.5676000000000004
0.5676000000000004
0.5676000000000004
0.5676000000000004
0.5676000000000004
0.5676000000000004
0.5676000000000004
0.5676000000000004
0.5674000000000005
0.5680000000000005
0.5680000000000005
0.5680000000000005
0.5680000000000005
0.5684000000000006
0.5684000000000006
0.5684000000000006
0.5684000000000006
0.5684000000000006
0.5684000000000006
0.5678000000000005
0.5678000000000005
0.5678000000000005
0.5678000000000005
0.5678000000000005
0.5678000000000005
0.5678000000000005
0.5678000000000005
0.5678000000000005
0.5678000000000005
0.5678000000000005
0.5678000000000005
0.5694000000000006
0.5694000000000006
0.5694000000000006
0.5694000000000006
0.5694000000000006
0.5694000000000006
0.5694000000000006
0.5704000000000006
0.5704000000000006
0.5704000000000006
0.5704000000000006
0.5704000000000006
0.5704000000000006
0.5704000000000006
0.5704000000000006
0.5704000000000006
0.5704000000000006
0.5704000000000006
0.5704000000000006
0.5704000000000006
0.5704000000000006
0.5704000000000006
0.5704000000000006
0.5704000000000006
0.5704000000000006
0.5710000000000006
0.5702000000000006
0.5706000000000006
0.5696000000000006
0.5696000000000006
0.5696000000000006
0.5696000000000006
0.5696000000000006
0.5696000000000006
0.5696000000000006
0.5700000000000006
0.5688000000000005
0.5688000000000005
0.5688000000000005
0.5688000000000005
0.5690000000000006
0.5690000000000006
0.5690000000000006
0.5690000000000006
0.5690000000000006
0.5690000000000006
0.5690000000000006
0.5690000000000006
0.5700000000000006
0.5702000000000006
0.5706000000000006
0.5706000000000006
0.5706000000000006
0.5706000000000006
0.5706000000000006
0.5702000000000006
0.5702000000000006
0.5702000000000006
0.5702000000000006
0.5702000000000006
0.5702000000000006
0.5702000000000006
0.5702000000000006
0.5702000000000006
0.5716000000000004
0.5716000000000004
0.5716000000000004
0.5716000000000004
0.5716000000000004
0.5718000000000005
0.5718000000000005
0.5714000000000006
0.5716000000000006
0.5716000000000006
0.5716000000000006
0.5716000000000006
0.5716000000000006
0.5716000000000006
0.5716000000000006
0.5716000000000006
0.5716000000000006
0.5716000000000006
0.5716000000000006
0.5716000000000006
0.5716000000000006
0.5706000000000006
0.5706000000000006
0.5712000000000006
0.5712000000000006
0.5712000000000006
0.5712000000000006
0.5714000000000006
0.5726000000000006
0.5726000000000006
0.5726000000000006
0.5726000000000006
0.5726000000000006
0.5726000000000006
0.5730000000000006
0.5730000000000006
0.5730000000000006
0.5732000000000006
0.5744000000000007
0.5744000000000007
0.5744000000000007
0.5744000000000007
0.5744000000000007
0.5744000000000007
0.5744000000000007
0.5744000000000007
0.5744000000000007
0.5744000000000007
0.5744000000000007
0.5744000000000007
0.5744000000000007
0.5744000000000007
0.5746000000000006
0.5746000000000006
0.5746000000000006
0.5746000000000006
0.5750000000000006
0.5750000000000006
0.5750000000000006
0.5750000000000006
0.5750000000000006
0.5752000000000006
0.5742000000000006
0.5744000000000007
0.5740000000000006
0.5742000000000005
0.5742000000000005
0.5742000000000005
0.5742000000000005
0.5742000000000005
0.5742000000000005
0.5742000000000005
0.5742000000000005
0.5742000000000005
0.5748000000000005
0.5748000000000005
0.5754000000000006
0.5754000000000006
0.5754000000000006
0.5754000000000006
0.5760000000000006
0.5760000000000006
0.5758000000000005
0.5758000000000005
0.5758000000000005
0.5758000000000005
0.5758000000000005
0.5754000000000005
0.5754000000000005
0.5766000000000003
0.5766000000000003
0.5770000000000004
0.5770000000000004
0.5770000000000004
0.5770000000000004
0.5770000000000004
0.5770000000000004
0.5770000000000004
0.5770000000000004
0.5782000000000005
0.5782000000000005
0.5782000000000005
0.5780000000000004
0.5780000000000004
0.5780000000000004
0.5780000000000004
0.5780000000000004
0.5780000000000004
0.5780000000000004
0.5780000000000004
0.5788000000000005
0.5788000000000005
0.5788000000000005
0.5788000000000005
0.5784000000000005
0.5792000000000004
0.5792000000000004
0.5792000000000004
0.5792000000000004
0.5792000000000004
0.5792000000000004
0.5792000000000004
0.5792000000000004
0.5792000000000004
0.5792000000000004
0.5792000000000004
0.5792000000000004
0.5798000000000004
0.5798000000000004
0.5796000000000004
0.5796000000000004
0.5792000000000005
0.5792000000000005
0.5792000000000005
0.5790000000000004
0.5788000000000005
0.5788000000000005
0.5788000000000005
0.5796000000000004
0.5796000000000004
0.5796000000000004
0.5798000000000005
0.5802000000000005
0.5802000000000005
0.5802000000000005
0.5802000000000005
0.5802000000000005
0.5810000000000004
0.5810000000000004
0.5820000000000004
0.5820000000000004
0.5822000000000004
0.5828000000000004
0.5832000000000004
0.5832000000000004
0.5832000000000004
0.5846000000000003
0.5846000000000003
0.5846000000000003
0.5846000000000003
0.5846000000000003
0.5846000000000003
0.5846000000000003
0.5846000000000003
0.5846000000000003
0.5848000000000003
0.5848000000000003
0.5848000000000003
0.5848000000000003
0.5850000000000003
0.5848000000000003
0.5848000000000003
0.5848000000000003
0.5848000000000003
0.5848000000000003
0.5848000000000003
0.5848000000000003
0.5848000000000003
0.5848000000000003
0.5850000000000002
0.5850000000000002
0.5850000000000002
0.5848000000000003
0.5848000000000003
0.5848000000000003
0.5848000000000003
0.5848000000000003
0.5848000000000003
0.5848000000000003
0.5848000000000003
0.5848000000000003
0.5852000000000003
0.5856000000000002
0.5856000000000002
0.5856000000000002
0.5856000000000002
0.5856000000000002
0.5856000000000002
0.5856000000000002
0.5856000000000002
0.5864000000000004
0.5864000000000004
0.5864000000000004
0.5864000000000004
0.5860000000000003
0.5860000000000003
0.5860000000000003
0.5860000000000003
0.5872000000000003
0.5872000000000003
0.5872000000000003
0.5872000000000003
0.5872000000000003
0.5872000000000003
0.5872000000000003
0.5872000000000003
0.5880000000000002
0.5880000000000002
0.5880000000000002
0.5880000000000002
0.5880000000000002
0.5866000000000002
0.5866000000000002
0.5866000000000002
0.5864000000000003
0.5864000000000003
0.5864000000000003
0.5864000000000003
0.5870000000000002
0.5870000000000002
0.5870000000000002
0.5870000000000002
0.5862000000000002
0.5876000000000002
0.5876000000000002
0.5876000000000002
0.5876000000000002
0.5872000000000003
0.5872000000000003
0.5872000000000003
0.5880000000000003
0.5880000000000003
0.5878000000000003
0.5878000000000003
0.5878000000000003
0.5878000000000003
0.5878000000000003
0.5886000000000002
0.5878000000000003
0.5878000000000003
0.5878000000000003
0.5878000000000003
0.5886000000000003
0.5886000000000003
0.5890000000000002
0.5904000000000003
0.5904000000000003
0.5904000000000003
0.5904000000000003
0.5904000000000003
0.5904000000000003
0.5904000000000003
0.5904000000000003
0.5918000000000002
0.5918000000000002
0.5918000000000002
0.5918000000000002
0.5918000000000002
0.5918000000000002
0.5918000000000002
0.5918000000000002
0.5918000000000002
0.5918000000000002
0.5918000000000002
0.5918000000000002
0.591800000000000